# This table collects all the attributes for positions (holes) around the wok.  The file is generated
# by github.com/csayres/sdssconv/python/sdssconv/wokCoords.py.  Solid models define 3D position and orientation
# of holes, Ricks fps_filledHex is used to determine the type of element (positioner, fiducial) in each hole.
# canbus, sextant, holeID, etc info are described on wiki (pending!)
# ---------------------------------------------------------------------------------------------------------------------------
# column descriptions
# ---------------------------------------------------------------------------------------------------------------------------
# 0th: unique index
# wokType: "LCO" or "APO"
# holeType: "ApogeeBoss", "Boss", "GFA", "Empty", or "Fiducial"
# holeID: unique ID string for hole (see wiki)
# hexRow: row index of hole, integer in range [-13, 13], only defined for hex pattern holes
# hexCol: column index of hole, integer in range [1, 27], only defined for hex pattern holes
# x: x position of hole center on wok surface in wok coordinates (mm)
# y: y position of hole center on wok surface in wok coordinates (mm)
# z: z position of hole center on wok surface in wok coordinates (mm)
# theta: azimuthal angle of hole, in wok cylindrical coordinates (deg)
# r: radial location of hole, in wok cynlinrical coordinates (mm)
# [ix, iy, iz]: unit vector in wok coordinates showing x direction in tangent coordinates (xy tangent to wok surface)
# [jx, jy, jz]: unit vector in wok coordinates showing y direction in tangent coordinates (xy tangent to wok surface)
# [kx, ky, kz]: unit vector in wok coordinates showing z direction in tangent coordinates (aligned with hole axis)
# sextant: integers in range [1,6], which sextant this position belongs to, only defined for hex pattern holes
# canbus: integers in range [1,4], which canbus this position belongs to, only defined for hex pattern holes
# canorder: integers describing the order of this position along a given canbus, starting near wok origin for each sextant.
# ---------------------------------------------------------------------------------------------------------------------------
,wokType,holeType,holeID,hexRow,hexCol,x,y,z,r,theta,ix,iy,iz,jx,jy,jz,kx,ky,kz,sextant,canbus,canorder
0,LCO,ApogeeBoss,R-13C1,-13.0,1.0,-148.022536607116,-256.38323185278,5.0057852848026,296.0456601926151,240.00006558813322,-4.070058241250158e-05,-0.9995694949671099,0.029339786547612785,0.9998565662664074,-0.0005375906987430785,-0.016928020858626144,0.01693650605680074,0.029334889252177414,0.999426144862716,5.0,1.0,13.0
1,APO,ApogeeBoss,R-13C1,-13.0,1.0,-147.873835485164,-256.12430864698,4.6818818669262,295.7470755577928,239.99993340223332,6.64744673199806e-06,-0.9996226137408866,0.027470530640117105,0.9998742510601972,-0.0004289886467896174,-0.01585238264584779,0.01585818472022894,0.027467181627882507,0.9994969094053268,5.0,1.0,13.0
2,LCO,ApogeeBoss,R-13C2,-13.0,2.0,-125.247769462558,-256.37770138377994,4.650079535102999,285.335818855917,243.9631805767016,4.465338090769507e-06,-0.999572711623,0.029230021531016677,0.9998980608593651,-0.0004128900134571412,-0.014272260210577517,0.014278230623659311,0.029227105578208224,0.9994708141960814,5.0,1.0,14.0
3,APO,ApogeeBoss,R-13C2,-13.0,2.0,-125.12127173181,-256.1187643553,4.3494642428372,285.0476347817521,243.9631805148448,4.466208196697396e-06,-0.9996254154004868,0.02736839172214852,0.9999106304751035,-0.00036142479543568737,-0.013364147372650752,0.013369032984238916,0.027366005509047674,0.9995360777378399,5.0,1.0,14.0
4,LCO,ApogeeBoss,R-13C3,-13.0,3.0,-102.481721346028,-256.39322064662,4.3543553233268,276.11589379025486,248.21314959307006,9.325220264065054e-06,-0.9995713076250383,0.029277993199868856,0.9999315317967273,-0.00033328402151924444,-0.011697035539479704,0.011701778996849934,0.02927609766571187,0.9995028656656151,5.0,1.0,15.0
5,APO,ApogeeBoss,R-13C3,-13.0,3.0,-102.37761243283398,-256.13275573194,4.0728272828788,275.8353930993722,248.21314953796173,9.321809513799871e-06,-0.9996241895416966,0.0274131281726495,0.9999399754306066,-0.0002910348883157889,-0.01095266335334861,0.010956525404610258,0.027411584810076658,0.9995641848171923,5.0,1.0,15.0
6,LCO,ApogeeBoss,R-13C4,-13.0,4.0,-79.712419881674,-256.40749722208,4.117777440044599,268.5123358713399,252.73048240167014,7.140915494685224e-06,-0.99956981441318,0.02932892877362148,0.9999584351972431,-0.00026026738601745385,-0.009113733525229116,0.009117446292051048,0.02932777480288288,0.9995282656324548,5.0,1.0,16.0
7,APO,ApogeeBoss,R-13C4,-13.0,4.0,-79.63104112037799,-256.14572894196,3.8513326026026,268.23820974112425,252.7304823550973,7.140218952866508e-06,-0.9996228791657091,0.027460870297119272,0.9999635610971085,-0.00022728984342543733,-0.00853374579631454,0.008536769119890366,0.02745993058594668,0.999586452381788,5.0,1.0,16.0
8,LCO,ApogeeBoss,R-13C5,-13.0,5.0,-56.937821462204,-256.40932852144,3.940033853622399,262.6550194945407,257.4801422765799,4.956921199939025e-06,-0.9995705047060042,0.02930539365395364,0.9999788269108377,-0.00018574599447646493,-0.006504708175685807,0.00650735779362331,0.02930480541156672,0.9995493397898556,5.0,1.0,17.0
9,APO,ApogeeBoss,R-13C5,-13.0,5.0,-56.879598028994,-256.14712890868,3.6849802231922,262.38643318605455,257.48014224056055,4.95890256395934e-06,-0.9996234837922432,0.027438852499115676,0.9999814380869292,-0.00016222530083838816,-0.006090744170367239,0.006092902182571124,0.027438373384927703,0.999604928063574,5.0,1.0,17.0
10,LCO,ApogeeBoss,R-13C6,-13.0,6.0,-34.162597015791995,-256.40817015698,3.8214639659214,258.67398933428586,262.4108804175214,9.816896237390092e-06,-0.9995714385724473,0.029273522060674326,0.9999923940313113,-0.00010436081360019053,-0.0038988444887075218,0.0039002286029268304,0.029273337681733916,0.9995638348388841,5.0,1.0,18.0
11,APO,ApogeeBoss,R-13C6,-13.0,6.0,-34.12764298537,-256.14582104236,3.5740757810442,258.40932191622187,262.41088039343515,9.814300554085656e-06,-0.9996243031546721,0.027408984771709787,0.9999933320632468,-9.028191848050947e-05,-0.0036507092763529065,0.0036518122521233642,0.027408837839490923,0.9996176368369877,5.0,1.0,18.0
12,LCO,ApogeeBoss,R-13C7,-13.0,7.0,-11.387518236475,-256.40783211346,3.7621863927572,256.6605773014437,267.45706569686456,7.633306091975374e-06,-0.999571861383735,0.029259081865089766,0.9999991556954185,-3.03904558826188e-05,-0.001299109260409905,0.0012994422584053627,0.029259067078011528,0.9995710172086532,5.0,1.0,19.0
13,APO,ApogeeBoss,R-13C7,-13.0,7.0,-11.3758629049724,-256.1453929279,3.5186498704332,256.39787942769925,267.4570656857824,7.633361260761787e-06,-0.9996246745437025,0.027395437304931658,0.999999259821595,-2.570085237098455e-05,-0.0012164274447101012,0.0012166749746141754,0.027395426312850704,0.9996239344469215,5.0,1.0,19.0
14,LCO,ApogeeBoss,R-13C8,-13.0,8.0,11.3875134055728,-256.40784786146,3.7621865394422,256.6605928195985,272.5429330697918,5.449772557587966e-06,-0.9995718608460575,0.029259100721822924,0.9999991557093809,4.346795384946629e-05,0.001298726708020231,-0.0012994425055061099,0.029259068940873482,0.9995710171538028,5.0,1.0,20.0
15,APO,ApogeeBoss,R-13C8,-13.0,8.0,11.3758580305346,-256.14540844476,3.518657729879,256.3978947130101,272.54293307218285,5.452444435359181e-06,-0.999624674072512,0.02739545501894186,0.9999992598355827,3.878176484135961e-05,0.0012160691843523853,-0.0012166752061521454,0.027395428111251206,0.9996239343973532,5.0,1.0,20.0
16,LCO,ApogeeBoss,R-13C9,-13.0,9.0,34.162592186744,-256.40821741114,3.821464249918799,258.67403553676627,277.5891171399054,3.2662389392555618e-06,-0.9995714369513325,0.02927357887891526,0.9999923940730303,0.00011743847247713485,0.0038984617857250286,-0.003900228893444503,0.029273343492904478,0.999563834667564,5.0,1.0,21.0
17,APO,ApogeeBoss,R-13C9,-13.0,9.0,34.12763802475,-256.14586751166,3.574102796408,258.40936732334075,277.5891171555556,3.271503560237908e-06,-0.9996243017391357,0.027409037959085735,0.9999933321050322,0.00010336292097786804,0.003650350884674407,-0.003651812532420135,0.02740884325636354,0.9996176366874366,5.0,1.0,21.0
18,LCO,ApogeeBoss,R-13C10,-13.0,10.0,56.93781663341,-256.40930559285994,3.9400309280503993,262.6549960644047,282.5198577793604,8.126879242490047e-06,-0.9995705022707283,0.029305476010428377,0.9999788268887465,0.00019882444058761666,0.006504324949468807,-0.006507358001546492,0.029304802662461053,0.9995493398691002,5.0,1.0,22.0
19,APO,ApogeeBoss,R-13C10,-13.0,10.0,56.879592858316,-256.14710460595995,3.6850281023446,262.3864083403414,282.51985780760407,8.127462080636933e-06,-0.9996234816544518,0.02743892962519433,0.9999814380650172,0.00017530697066065606,0.006090385282283113,-0.006092902376123639,0.02743837080619119,0.9996049281331786,5.0,1.0,22.0
20,LCO,ApogeeBoss,R-13C11,-13.0,11.0,79.712415058468,-256.40750580474,4.117773966645399,268.51234263523395,287.26951607186163,5.943675535250067e-06,-0.9995698108923499,0.0293290490351273,0.999958435202841,0.0002733469082635814,0.009113349996221397,-0.00911744653719488,0.029327775812357862,0.9995282656005989,5.0,1.0,23.0
21,APO,ApogeeBoss,R-13C11,-13.0,11.0,79.631036034536,-256.14573677024,3.8513561544986006,268.2382157066786,287.26951611114026,5.946801116037435e-06,-0.9996228760817907,0.027460982841196156,0.9999635611029722,0.00024037241841017338,0.008533386629163413,-0.008536769347819686,0.027459931446916996,0.9995864523561895,5.0,1.0,23.0
22,LCO,ApogeeBoss,R-13C12,-13.0,12.0,102.481716498438,-256.39326065924,4.354351338346199,276.11592914560947,291.78684639122656,3.763018326975431e-06,-0.999571303056143,0.029278150427992623,0.9999315318321808,0.0003463675957191696,0.01169665239447669,-0.011701779077912665,0.02927610179195836,0.9995028655438055,5.0,1.0,24.0
23,APO,ApogeeBoss,R-13C12,-13.0,12.0,102.377608414554,-256.13279784768,4.0727449883774005,275.83543071542545,291.78684644006825,3.76849245521543e-06,-0.999624185538655,0.027413275469726363,0.9999399754660999,0.0003041211013381337,0.010952304561656795,-0.01095652548274461,0.02741158872696651,0.9995641847089208,5.0,1.0,24.0
24,LCO,ApogeeBoss,R-13C13,-13.0,13.0,125.247764658148,-256.37767132034,4.6500728873896,285.3357897346618,296.03682120631004,8.620862183194317e-06,-0.999572706237909,0.029230204753024992,0.9998980608293637,0.00042597191053554104,0.014271877858553753,-0.014278230820335457,0.029227102014302824,0.9994708142974895,5.0,2.0,22.0
25,APO,ApogeeBoss,R-13C13,-13.0,13.0,125.121268049572,-256.11873667184,4.3493714764492,285.0476082915136,296.03682126265215,8.62217189379782e-06,-0.9996254106737308,0.02736856337174471,0.9999106304454458,0.0003745094033563003,0.013363789316565917,-0.013369033168068492,0.027366002230538748,0.9995360778251423,5.0,2.0,22.0
26,LCO,ApogeeBoss,R-13C14,-13.0,14.0,148.023123584352,-256.3828929609,5.0057852848026,296.04566019225587,300.00006558796036,6.4384681241340026e-06,-0.9995695128063543,0.029339206305110402,0.9998565670699346,0.0005033384258185783,0.01692902647982995,-0.01693650630064587,0.02933488909978689,0.9994261448630566,4.0,1.0,13.0
27,APO,ApogeeBoss,R-13C14,-13.0,14.0,147.873240072588,-256.12465240804,4.6818818669262,295.7470755573156,299.99993340232226,5.367962886640122e-05,-0.9996225860371575,0.027471487089043307,0.9998742496413625,0.0004893005399467435,0.01585072519174956,-0.015858184720206815,0.02746718167864399,0.9994969094039322,4.0,1.0,13.0
28,LCO,ApogeeBoss,R-12C1,-12.0,1.0,-159.405693998236,-236.656581621628,4.6500728873896,285.3357897353459,236.03682120620923,-4.069968675430699e-05,-0.9996358632129091,0.02698405681356356,0.9998348693409875,-0.0005310404550056302,-0.018164582184171104,0.01817229741738388,0.026978861625674182,0.9994708142972244,6.0,2.0,22.0
29,APO,ApogeeBoss,R-12C1,-12.0,1.0,-159.24469831845,-236.417565020668,4.3493714764492,285.0476082917307,236.03682126262203,-4.0700675688287446e-05,-0.9996807812029429,0.02526527333968297,0.9998552312571708,-0.0004705738690774353,-0.017008676841640633,0.01701513652970846,0.025260923453184328,0.999536077825692,6.0,2.0,22.0
30,LCO,ApogeeBoss,R-12C2,-12.0,2.0,-136.645204442852,-236.677082972294,4.265683721168199,273.29096856922104,240.00006774528808,-4.0701432193084085e-05,-0.9996339639552666,0.027054324062416868,0.9998780377795349,-0.0004632038672882863,-0.015610733753554075,0.015617551329848118,0.027050389077759675,0.999512065230431,5.0,1.0,12.0
31,APO,ApogeeBoss,R-12C2,-12.0,2.0,-136.50667938894,-236.435816750738,3.9898243177446,273.01276336534784,239.9999278565041,6.644185031137557e-06,-0.9996791387160093,0.02533021065590747,0.9998930797127904,-0.00036375970253628583,-0.014618372732627635,0.014622896372676164,0.02532759946968235,0.9995722503184935,5.0,1.0,12.0
32,LCO,Boss,R-12C3,-12.0,3.0,-113.87565414689,-236.685486137606,3.9400357829302,262.65506649516016,244.30656080494668,4.4638085583418314e-06,-0.999634005390744,0.02705282326361598,0.9999153049708714,-0.00034762304867816363,-0.01301007468176525,0.013014717249463955,0.027050590098444363,0.9995493398078168,5.0,2.0,11.0
33,APO,Boss,R-12C3,-12.0,3.0,-113.75920740239,-236.443456044324,3.6849694291066006,262.3864805492161,244.30656073771812,4.465208011102103e-06,-0.9996791553144019,0.02532955605504773,0.9999257503004876,-0.00030419761034845545,-0.012182009268617285,0.012185805926106677,0.025327729738327233,0.9996049280792054,5.0,2.0,11.0
34,LCO,Boss,R-12C4,-12.0,4.0,-91.100375609908,-236.684921684836,3.673313957142,253.61196854490774,248.9482108834178,9.323175413508521e-06,-0.9996354562860806,0.02699915644603972,0.9999460072678116,-0.00027124140843982875,-0.010387924588672168,0.010391461025283811,0.02699779553625954,0.9995814807077722,5.0,2.0,12.0
35,APO,Boss,R-12C4,-12.0,4.0,-91.007052766582,-236.442461919566,3.4355411753351994,253.35216883193414,248.9482108247227,9.320013703594109e-06,-0.9996804296294635,0.025279211399661543,0.9999526667479911,-0.0002366388005367317,-0.009726678038219564,0.00972955172237893,0.025278105505150385,0.9996331092982825,5.0,2.0,12.0
36,LCO,Boss,R-12C5,-12.0,5.0,-68.327720494654,-236.693447982998,3.4661287124581994,246.35840904275167,253.89783987375893,7.138949819579379e-06,-0.9996349108509595,0.027019344126561987,0.9999695826906322,-0.00020360374636402273,-0.007796937798736322,0.007799592461038727,0.027018577932760465,0.9996045031931045,5.0,2.0,13.0
37,APO,Boss,R-12C5,-12.0,5.0,-68.257471039522,-236.450096730814,3.2418749847156,246.10512102904826,253.89783982595378,7.138415317050034e-06,-0.9996799534347611,0.025298036479475438,0.9999733346484734,-0.0001776089204950121,-0.007300578544449065,0.007302735176311421,0.025297414013001483,0.9996532953495424,5.0,2.0,13.0
38,LCO,Boss,R-12C6,-12.0,6.0,-45.553388925044,-236.70177373165,3.3181874123799995,241.04530887421467,259.10657936462115,4.955373580696584e-06,-0.9996341049940081,0.027049142468346825,0.9999864510639456,-0.0001358519446859501,-0.005203771015780183,0.005205541660559595,0.0270488017678746,0.9996205603422443,5.0,2.0,14.0
39,APO,Boss,R-12C6,-12.0,6.0,-45.506407771356,-236.4576523187,3.1035725114354005,240.796707802088,259.1065793298159,4.957528013748047e-06,-0.9996792473849715,0.025325921962287435,0.9999881223680298,-0.0001184806440684634,-0.004872482447267144,0.0048739202173262225,0.025325645305775295,0.9996673729754117,5.0,2.0,14.0
40,LCO,Boss,R-12C7,-12.0,7.0,-22.7771058484658,-236.705472847442,3.229379924387,237.79881712650152,264.5036068087917,9.816807962745835e-06,-0.9996338564733271,0.027058323966829226,0.9999966103533949,-6.0638222680548105e-05,-0.0026029991791592204,0.0026036868765338993,0.027058257801816324,0.9996304674725454,5.0,2.0,15.0
41,APO,Boss,R-12C7,-12.0,7.0,-22.7535784979082,-236.460969772822,3.0205296506228,237.5531846984248,264.5036067887373,9.814267631579504e-06,-0.9996790294017008,0.025334523444373206,0.9999970284759213,-5.1949798258585345e-05,-0.002437281384217936,0.0024378152119357327,0.025334472082358565,0.9996760583215448,5.0,2.0,15.0
42,LCO,Fiducial,R-12C8,-12.0,8.0,-1.60633088842908e-05,-236.706358896978,3.1997672450298,236.70635889697854,269.99999611180783,7.63331726769814e-06,-0.9996338429141367,0.027058825592542756,0.9999999999708663,7.630483408596808e-06,-2.079844311172499e-07,1.436356404034917e-09,0.02705882559334204,0.9996338429432595,5.0,2.0,16.0
43,APO,Fiducial,R-12C8,-12.0,8.0,-1.6064100054082597e-05,-236.461751975728,2.9928316327144,236.46175197572853,269.99999610759403,7.633380103910366e-06,-0.9996790175029626,0.0253349937052107,0.9999999999708659,7.630895850892985e-06,-1.9473605785130318e-07,1.3448526376986383e-09,0.025334993705959073,0.9996790175320871,5.0,2.0,16.0
44,LCO,Boss,R-12C9,-12.0,9.0,22.7770737158402,-236.705504280958,3.2293813313183994,237.7988453377338,275.49638475927026,5.450116358617779e-06,-0.9996338553345212,0.02705836727035862,0.9999966103942152,7.589954031285416e-05,0.00260258320513406,-0.0026036840008144724,0.027058261368779094,0.9996304673834839,5.0,2.0,17.0
45,APO,Boss,R-12C9,-12.0,9.0,22.7535463959658,-236.46100150682,3.0205180197849995,237.55321321169643,275.4963847710307,5.452749649764366e-06,-0.9996790284075076,0.025334563988536733,0.9999970285157792,6.721190053866522e-05,0.002436891908179071,-0.002437812519297559,0.0253344754195181,0.9996760582435384,5.0,2.0,17.0
46,LCO,Boss,R-12C10,-12.0,10.0,45.55344483781,-236.701785780902,3.3181890872813997,241.04533127289443,280.8934331449362,3.267846740169469e-06,-0.9996341038086891,0.027049186529728427,0.9999864510335603,0.00014407246809318436,0.005203555748595955,-0.005205548830429521,0.02704880303678523,0.9996205602705714,5.0,2.0,18.0
47,APO,Boss,R-12C10,-12.0,10.0,45.50646370622,-236.457664944024,3.1035510911074,240.79673077063532,280.8934331719155,3.27298560204419e-06,-0.9996792463457778,0.025325963255626558,0.9999881223422384,0.000126708791292095,0.004872280710989758,-0.0048739269313397395,0.02532564649559791,0.9996673729125344,5.0,2.0,18.0
48,LCO,Boss,R-12C11,-12.0,11.0,68.327688354002,-236.69344073968,3.4661286978023997,246.35839316936216,286.1021534117366,8.128159816482614e-06,-0.999634907646353,0.027019462407683142,0.9999695827052958,0.00021886566349682145,0.007796522431062545,-0.007799589612905113,0.027018577177352007,0.9996045032357457,5.0,2.0,19.0
49,APO,Boss,R-12C11,-12.0,11.0,68.2574389611,-236.450089705428,3.2418666168126,246.1051053823005,286.10215345247883,8.128671529209128e-06,-0.9996799506243722,0.025298147236061615,0.9999733346603783,0.00019287145557082768,0.007300189641683208,-0.007302732511027087,0.025297413311530067,0.9996532953867645,5.0,2.0,19.0
50,LCO,Boss,R-12C12,-12.0,12.0,91.100343466462,-236.68494593955,3.673312700476999,253.61197963447046,291.05178037111006,5.9453966619796134e-06,-0.999635451952738,0.026999317841335347,0.9999460073233107,0.00028650519026499337,0.010387509467882949,-0.010391458166285675,0.026997798318032194,0.9995814806623606,5.0,2.0,20.0
51,APO,Boss,R-12C12,-12.0,12.0,91.00702022816598,-236.442485117132,3.435580639239,253.35217879302914,291.0517804233545,5.948455059504784e-06,-0.999680425833819,0.0252793625182731,0.9999526667997539,0.00025190307014862366,0.009726289369726105,-0.009729549047940492,0.025278108108749718,0.9996331092584749,5.0,2.0,20.0
52,LCO,Boss,R-12C13,-12.0,13.0,113.8757100815,-236.68549110991,3.9400325573079993,262.6550952266206,295.6934497199949,3.7614611054812466e-06,-0.9996340024765038,0.02705293105481689,0.9999153048788737,0.00035584621163032676,0.01300985943286098,-0.013014724539556871,0.027050590867464138,0.9995493396920837,5.0,2.0,21.0
53,APO,Boss,R-12C13,-12.0,13.0,113.75926214421598,-236.44345870853,3.6850568455434,262.3865066836494,295.6934497818033,3.766904487222922e-06,-0.9996791527579449,0.025329657063765432,0.9999257502201485,0.0003124278743994715,0.012181807562789224,-0.012185812754345157,0.025327730454599157,0.9996049279778163,5.0,2.0,21.0
54,LCO,ApogeeBoss,R-12C14,-12.0,14.0,136.64576412601,-236.676759838828,4.265683721168199,273.29096856900964,300.000067745273,8.6230028861284e-06,-0.9996339782565524,0.02705382487971323,0.9998780386155875,0.00043113321650096076,0.015611598841735286,-0.015617548459648276,0.027050390738915377,0.9995120652303215,4.0,1.0,12.0
55,APO,ApogeeBoss,R-12C14,-12.0,14.0,136.506083976364,-236.43616051256,3.9898243177446,273.01276336553053,299.99992785652375,5.368326394989894e-05,-0.9996791149495908,0.02533109258816352,0.9998930782938393,0.0004240742427456243,0.01461684443055372,-0.01462289636759904,0.0253275994646074,0.9995722503186966,4.0,1.0,12.0
56,LCO,ApogeeBoss,R-12C15,-12.0,15.0,159.40571763090398,-236.656600813614,4.650079535102999,285.33581885574364,303.9631805767175,5.1495756989408956e-05,-0.9996358573772374,0.026984254554506308,0.9998348687855999,0.0005418344910795545,0.018164293982043493,-0.018172300588225946,0.026978863227713257,0.9994708141963282,4.0,1.0,14.0
57,APO,ApogeeBoss,R-12C15,-12.0,15.0,159.244720451756,-236.417582051368,4.3494642428372,285.0476347819312,303.9631805148425,5.150010377551194e-05,-0.9996807760240439,0.025265458549265696,0.9998552307087261,0.0004813715134300401,0.017008406917360795,-0.01701513949809932,0.025260924952016504,0.9995360777372816,4.0,1.0,14.0
58,LCO,ApogeeBoss,R-11C1,-11.0,1.0,-170.802218840904,-216.948400240762,4.354351338346199,276.11592914571577,231.7868463912186,-4.069864609358229e-05,-0.9996929874352145,0.024777595050288453,0.9998097983914862,-0.000523914817415219,-0.019495962495849273,0.019502958339587224,0.024772088852576916,0.9995028655436082,6.0,1.0,24.0
59,APO,ApogeeBoss,R-11C1,-11.0,1.0,-170.62870547165,-216.728008589852,4.0727449883774005,275.83543071595074,231.78684644003468,-4.069954895381625e-05,-0.9997308653414662,0.023199035047815005,0.999833255593368,-0.0004643163618698235,-0.018255010815742156,0.018260869451192024,0.02319442376777518,0.9995641847089998,6.0,1.0,24.0
60,LCO,Boss,R-11C2,-11.0,2.0,-148.03779296776398,-216.962003359606,3.9400325573079993,262.6550952267636,235.69344971998026,-4.070056207949396e-05,-0.9996924165953063,0.024800615825030153,0.9998568603355323,-0.00046028722696684276,-0.01691292333218629,0.016919136604329626,0.02479637750771634,0.9995493396921729,6.0,2.0,21.0
61,APO,Boss,R-11C2,-11.0,2.0,-147.886410728238,-216.74014028695,3.6850568455434,262.3865066837239,235.69344978178742,-4.0701254574742745e-05,-0.9997303635947944,0.023220647063074727,0.999874513919533,-0.0004085362536418716,-0.015836335191794393,0.015841551615459935,0.023217088636378704,0.9996049279778813,6.0,2.0,21.0
62,LCO,ApogeeBoss,R-11C3,-11.0,3.0,-125.263813678374,-216.964006067056,3.5844969187997995,250.52824780035465,240.0000819233001,-4.070224572229413e-05,-0.9996935881910285,0.024753344684578897,0.9998978983016111,-0.0003943998427219358,-0.014284166786521954,0.014289552664387684,0.02475023592837931,0.9995915338307649,5.0,1.0,11.0
63,APO,ApogeeBoss,R-11C3,-11.0,3.0,-125.135914757642,-216.741074688688,3.3525152284588007,250.2712341030013,239.99992130103305,6.646044187958707e-06,-0.9997314091112475,0.023175624959635696,0.9999104930443808,-0.000303430136655058,-0.013375867444595936,0.013379306991519723,0.02317363947660708,0.9996419241797709,5.0,1.0,11.0
64,LCO,ApogeeBoss,R-11C4,-11.0,4.0,-102.49576057322,-216.977886088826,3.288591725191,239.96829787923738,244.71494119243016,4.463424089084438e-06,-0.999692421279423,0.02480046000707152,0.9999313840991169,-0.00028606066450400297,-0.011710903591111339,0.011714396002437613,0.02479881057189502,0.9996238252065209,5.0,2.0,10.0
65,APO,ApogeeBoss,R-11C4,-11.0,4.0,-102.389992648358,-216.753980493966,3.0759098771240003,239.7206679752695,244.71494111923423,4.4648584993968745e-06,-0.9997303717746383,0.023220330131337032,0.9999398483422743,-0.0002502200033606219,-0.010965267309972628,0.010968120955490724,0.023218982348353647,0.9996702352183007,5.0,2.0,10.0
66,LCO,ApogeeBoss,R-11C5,-11.0,5.0,-79.72076295033199,-216.982702688032,3.051640546084399,231.1642128686573,249.82636129329865,9.322773900222128e-06,-0.9996925976802826,0.024793347017582703,0.9999585135166743,-0.00021651937159111316,-0.009106281616799354,0.00910885056462224,0.024792403324609663,0.9996511219314372,5.0,3.0,10.0
67,APO,ApogeeBoss,R-11C5,-11.0,5.0,-79.63825366831,-216.758129509798,2.8542999699764007,230.92496217586452,249.8263612309417,9.319641977066925e-06,-0.9997305265241619,0.023213665132116052,0.9999636313540555,-0.00018866172724699232,-0.008526451545820959,0.008528533423445901,0.023212900346023538,0.9996941659203433,5.0,3.0,10.0
68,LCO,ApogeeBoss,R-11C6,-11.0,6.0,-56.943557492642,-216.983374060578,2.873843466424,224.33090147955662,255.29529746892928,7.139232292203762e-06,-0.9996932373145098,0.024767543613903778,0.9999788768948242,-0.00015384397460777726,-0.0064978531991394,0.006499670237592944,0.02476706683615847,0.9996721195907866,5.0,3.0,11.0
69,APO,ApogeeBoss,R-11C6,-11.0,6.0,-56.884538986346,-216.758483349324,2.6879524996747994,224.0983955310441,255.29529742047134,7.138732041998242e-06,-0.9997310881250259,0.02318946712174463,0.9999814828050947,-0.00013398412846414633,-0.0060840854019173956,0.006085556339646317,0.023189081150517585,0.9997125749531371,5.0,3.0,11.0
70,LCO,ApogeeBoss,R-11C7,-11.0,7.0,-34.16648611494799,-216.985771123602,2.7553647173266,219.65922162191856,261.051701780577,4.955810167166659e-06,-0.9996933310220568,0.024763761537057137,0.9999923978758044,-9.160589360951389e-05,-0.00389817892858377,0.0038992519845406372,0.024763592598501152,0.9996857307752155,5.0,3.0,12.0
71,APO,ApogeeBoss,R-11C7,-11.0,7.0,-34.13102242997,-216.76054626722,2.5770903468758,219.43122182173332,261.05170174860496,4.957917740394141e-06,-0.9997311710745793,0.02318589134083923,0.9999933357690928,-7.969066593191307e-05,-0.00364994065707749,0.0036508071465739755,0.02318575492081108,0.9997245082401104,5.0,3.0,12.0
72,LCO,ApogeeBoss,R-11C8,-11.0,8.0,-11.388982493389,-216.987729428804,2.6961438052377997,217.28640925033156,266.99548725296125,9.816959114257542e-06,-0.9996932412505306,0.024767383827034306,0.9999991550102482,-2.2382539485514404e-05,-0.001299799142676523,0.001299954774863416,0.024767375658923837,0.9996923963002584,5.0,3.0,13.0
73,APO,ApogeeBoss,R-11C8,-11.0,8.0,-11.3771498388222,-216.76228769249,2.5216791411122,217.06065720009423,266.9954872394275,9.814365079916337e-06,-0.9997310927007182,0.023189268878209657,0.9999992592548381,-1.8412522012734463e-05,-0.0012170253710611521,0.0012171250769791424,0.02318926364520223,0.9997303519740411,5.0,3.0,13.0
74,LCO,ApogeeBoss,R-11C9,-11.0,9.0,11.3889230691492,-216.987745149118,2.6961443800905998,217.28642183434653,273.0044968818586,7.633226759654456e-06,-0.9996932406638693,0.024767408275892036,0.9999991550370774,3.982724124964189e-05,0.0012993609667677792,-0.0012999487932047519,0.02476737743003345,0.9996923962641575,5.0,3.0,14.0
75,APO,ApogeeBoss,R-11C9,-11.0,9.0,11.3770904442496,-216.762303352352,2.5216816596492,217.06066972529527,273.0044968875485,7.633258595631446e-06,-0.9997310921888625,0.023189291765762645,0.999999259280682,3.585533896363908e-05,0.0012166151742092062,-0.0012171194768023008,0.023189265302268027,0.9997303519424227,5.0,3.0,14.0
76,LCO,ApogeeBoss,R-11C10,-11.0,10.0,34.166514747352,-216.985767474384,2.7553655674392,219.65922247069088,278.9483057450394,5.449943117610909e-06,-0.9996933300249691,0.024763801684850498,0.9999923978573624,0.00010200863402787683,0.0038979253098813268,-0.003899256054807081,0.024763592183426615,0.9996857307696214,5.0,3.0,15.0
77,APO,ApogeeBoss,R-11C10,-11.0,10.0,34.13105099227,-216.760542550946,2.5770943083614,219.43122259336164,278.94830576947226,5.452550343082674e-06,-0.9997311701997827,0.023185928949316446,0.9999933357525849,9.009849180646168e-05,0.0036497030947498913,-0.003650810963025542,0.02318575453235951,0.9997245082351824,5.0,3.0,15.0
78,LCO,ApogeeBoss,R-11C11,-11.0,11.0,56.943586108282,-216.983401864942,2.8738458162287994,224.3309356369608,284.70470779772546,3.2671643713972935e-06,-0.9996932355783317,0.024767614504664505,0.9999788768883354,0.00016424752148158793,0.006497599548661526,-0.0064996743355891515,0.02476707010685192,0.9996721194831101,5.0,3.0,16.0
79,APO,ApogeeBoss,R-11C11,-11.0,11.0,56.88456758827,-216.758511292372,2.687947757317,224.09842981910833,284.7047078392552,3.2722796347565093e-06,-0.9997310866049215,0.02318953352344779,0.9999814828018873,0.0001443926407626419,0.00608384780415833,-0.006085560173973678,0.023189084210210133,0.9997125748588245,5.0,3.0,16.0
80,LCO,ApogeeBoss,R-11C12,-11.0,12.0,79.720703485884,-216.982711120578,3.0516423439218,231.16420027660087,290.17362415139087,8.128582129263622e-06,-0.999692593726089,0.024793506874395913,0.9999585135817083,0.00023396594669057856,0.009105842926170555,-0.009108844569233452,0.024792404263006725,0.9996511219627942,5.0,3.0,17.0
81,APO,ApogeeBoss,R-11C12,-11.0,12.0,79.63819449342199,-216.758138627636,2.8542720160826,230.92495032691807,290.1736242074664,8.129029850831779e-06,-0.9997305230596215,0.023213814784616364,0.999963631412284,0.000206106208779912,0.008526040874205729,-0.008528527814153981,0.02321290122251637,0.9996941659478447,5.0,3.0,17.0
82,LCO,ApogeeBoss,R-11C13,-11.0,13.0,102.495789142632,-216.977875143712,3.2885941289961997,239.96830018536022,295.285066091587,5.944673227218001e-06,-0.9996924182790118,0.024800580640831894,0.9999313840438081,0.0002964663604748774,0.011710649509373144,-0.011714400065523411,0.024798809309292492,0.9996238251902292,5.0,3.0,18.0
83,APO,ApogeeBoss,R-11C13,-11.0,13.0,102.390021710022,-216.753970718014,3.075862560099001,239.72067154879332,295.28506615933287,5.947734925757865e-06,-0.9997303691422034,0.02322044313570247,0.9999398482927283,0.00026063049106744927,0.010965029323396006,-0.010968124768631033,0.02321898116931638,0.999670235203849,5.0,3.0,18.0
84,LCO,ApogeeBoss,R-11C14,-11.0,14.0,125.26443412163398,-216.963647853904,3.5844969187997995,250.52824780029505,300.00008192328403,3.7635503553405863e-06,-0.9996936021371752,0.02475281462450243,0.9998978990647978,0.0003574687619621618,0.014285085295072709,-0.014289556733466928,0.024750233576342543,0.999591533830833,4.0,1.0,11.0
85,APO,ApogeeBoss,R-11C14,-11.0,14.0,125.13531934506598,-216.741418450256,3.3525152284588007,250.271234102964,299.9999213010229,5.368129723646731e-05,-0.9997313889848266,0.023176431925288364,0.999910491625498,0.0003637466729583969,0.013374469171256625,-0.013379306991519001,0.023173639481685014,0.9996419241796534,4.0,1.0,11.0
86,LCO,Boss,R-11C15,-11.0,15.0,148.03781662888,-216.961952432606,3.9400357829302,262.65506649523115,304.30656080495953,5.1497234838994976e-05,-0.9996924117328451,0.02480079175757722,0.9998568597872991,0.00047108208466446923,0.016912658512217137,-0.016919139585574866,0.02479637081182273,0.9995493398078188,4.0,2.0,11.0
87,APO,Boss,R-11C15,-11.0,15.0,147.886435791688,-216.74009154689,3.6849694291066006,262.386480549062,304.30656073771706,5.150127450213588e-05,-0.9997303592693265,0.02322081184717261,0.9998745133772514,0.0004193346821878098,0.01583608717545125,-0.015841554413090334,0.023217082367243774,0.9996049280791535,4.0,2.0,11.0
88,LCO,ApogeeBoss,R-11C16,-11.0,16.0,170.802181765286,-216.948384432564,4.3543553233268,276.115893790418,308.21314959310104,5.6351178660534016e-05,-0.9996929791639856,0.024777898110612456,0.9998097977012219,0.0005395653909723163,0.019495571031151574,-0.019502954780916532,0.02477208669902666,0.9995028656664219,4.0,1.0,15.0
89,APO,ApogeeBoss,R-11C16,-11.0,16.0,170.628666988618,-216.727991011528,4.0728272828788,275.83539309922804,308.2131495379485,5.635113371873741e-05,-0.9997308579973682,0.023199318791630726,0.9998332548947586,0.0004799662293455826,0.01825464431236593,-0.018260866110402174,0.023194421748874657,0.9995641848168797,4.0,1.0,15.0
90,LCO,ApogeeBoss,R-10C1,-10.0,1.0,-182.199206219096,-197.236729340332,4.117773966645399,268.5123426357531,227.26951607184216,-4.069755061765851e-05,-0.9997453641249417,0.022565576757460834,0.9997828253819421,-0.0005109421646436297,-0.020833650889971064,0.02083987559968093,0.022559828208385636,0.9995282656014276,6.0,1.0,23.0
91,APO,ApogeeBoss,R-10C1,-10.0,1.0,-182.013197095814,-197.035368520296,3.8513561544986006,268.23821570568293,227.2695161112426,-4.069853761788199e-05,-0.9997767814192414,0.021127841314518447,0.999809610003201,-0.0004529411102665162,-0.019507398329807735,0.019512613583940797,0.021123024862293453,0.999586452355068,6.0,1.0,23.0
92,LCO,Boss,R-10C2,-10.0,2.0,-159.425004143766,-197.237684705198,3.673312700476999,253.61197963445437,231.05178037110707,-4.0699670610850255e-05,-0.9997467830035748,0.022502626903092085,0.9998346374756663,-0.0004498940348116783,-0.01817952967654112,0.0181850501082513,0.02249816591103356,0.9995814806623821,6.0,2.0,20.0
93,APO,Boss,R-10C2,-10.0,2.0,-159.26168853135798,-197.035633999064,3.435580639239,253.35217879322133,231.0517804233662,-4.0700565191011505e-05,-0.9997780265732717,0.021068837763825444,0.9998550342501441,-0.00039941860750871897,-0.017022072418461452,0.017026709256558165,0.021065090695992262,0.9996331092585231,6.0,2.0,20.0
94,LCO,ApogeeBoss,R-10C3,-10.0,3.0,-136.660457362308,-197.252894750216,3.2885941289961997,239.96830018528487,235.28506609157415,-4.070145330700871e-05,-0.9997457661411159,0.022547758786741298,0.9998780120454229,-0.0003928640696689166,-0.015614310292671829,0.015619198810591178,0.022544372706645308,0.9996238251901457,6.0,3.0,18.0
95,APO,ApogeeBoss,R-10C3,-10.0,3.0,-136.51943415794398,-197.049345253836,3.075862560099001,239.72067154872286,235.28506615931929,-4.070206405662466e-05,-0.9997771367985,0.021111017936973158,0.9998930603503482,-0.0003494196549041771,-0.014620046823441634,0.014624165157602698,0.021108165266028867,0.9996702352038622,6.0,3.0,18.0
96,LCO,Fiducial,R-10C4,-10.0,4.0,-113.88628066792798,-197.257509319346,2.962742851896399,227.77315449202075,240.0000861446535,-4.070296822327017e-05,-0.9997461932403839,0.022528813653390215,0.9999154226445769,-0.00033369016861710534,-0.013001392555739632,0.013005610358051308,0.022526379030642536,0.9996616509334457,5.0,1.0,10.0
97,APO,Fiducial,R-10C4,-10.0,4.0,-113.768922451794,-197.052866485554,2.7711308694620005,227.53724949118967,239.99991343794377,6.643334035880456e-06,-0.999777524572582,0.02109268393036725,0.9999258574364991,-0.00025020447098422495,-0.012174441572604298,0.012177010542336292,0.02109120094359161,0.9997033968417877,5.0,1.0,10.0
98,LCO,Boss,R-10C5,-10.0,5.0,-91.11148948481,-197.261546891408,2.69614538621,217.2864961246598,245.20865118265422,4.460772731349535e-06,-0.9997464608470654,0.02251697146306925,0.9999459227013175,-0.00022970806656467883,-0.010397062431990078,0.010399598699567737,0.022515800185010596,0.99969239623442,5.0,2.0,9.0
99,APO,Boss,R-10C5,-10.0,5.0,-91.016828575326,-197.05659992716,2.5216756702276,217.0607441679934,245.20865110278885,4.46251022613471e-06,-0.9997777476403413,0.02108210860639699,0.9999525946360543,-0.00020081441780047085,-0.009734893640534634,0.0097369636288178,0.021081152643428185,0.9997303519162133,5.0,2.0,9.0
100,LCO,Boss,R-10C6,-10.0,6.0,-68.336382901764,-197.26933753445,2.488900216449199,208.77033496015966,250.89332208350567,9.32224445750823e-06,-0.9997459728088411,0.02253862829898376,0.9999695217313269,-0.0001666485329176325,-0.0078056285261367975,0.007807401713587074,0.022538014126592204,0.9997155007289384,5.0,3.0,8.0
101,APO,Boss,R-10C6,-10.0,6.0,-68.265116481432,-197.063609207528,2.3277802354132,208.55261255165516,250.89332201745185,9.31920905323853e-06,-0.9997773204184307,0.021102357453493724,0.9999732822540264,-0.00014493931470337652,-0.007308472528829712,0.007309903642453015,0.021101861755251194,0.9997506072712337,5.0,3.0,8.0
102,LCO,Fiducial,R-10C7,-10.0,7.0,-45.558416376,-197.273002182188,2.3408071351657997,202.46532219780883,256.99604173110146,7.138507123506106e-06,-0.9997459239994863,0.02254079402893989,0.9999864512037651,-0.00011019978308068155,-0.0052043505750175995,0.0052055122650506835,0.022540525779608273,0.9997323778590135,5.0,4.0,8.0
103,APO,Fiducial,R-10C7,-10.0,7.0,-45.51080471862,-197.06683766386,2.1892572768742,202.25373136970927,256.9960416830006,7.138076546018617e-06,-0.9997772778999965,0.021104372625619996,0.9999881229554146,-9.572202592329676e-05,-0.004872862136379693,0.004873796995595215,0.021104156750908307,0.9997654028174203,5.0,4.0,8.0
104,LCO,Boss,R-10C8,-10.0,8.0,-22.779310709131,-197.274099387258,2.2519225397324,198.58491202867572,263.41320729755427,4.955034492976346e-06,-0.9997460660197738,0.022534494745475055,0.9999966146513359,-5.368211008120949e-05,-0.002601500355341147,0.002602049445228906,0.022534431348877365,0.999742681264768,5.0,4.0,9.0
105,APO,Boss,R-10C8,-10.0,8.0,-22.7554826331398,-197.067741924942,2.106126076969801,198.3771834089361,263.41320727061884,4.957222319586421e-06,-0.999777402642589,0.02109846299294036,0.9999970323690865,-4.644465559041476e-05,-0.002435794719188337,0.0024362324285678444,0.0210984124552653,0.9997744354420258,5.0,4.0,9.0
106,LCO,Boss,R-10C9,-10.0,9.0,-4.335971473505799e-05,-197.274334573478,2.2222912407781994,197.27433457348275,269.9999874067315,9.816878934056672e-06,-0.9997461272128533,0.022531778148434,0.9999999999518143,9.814284199319797e-06,-2.257395716337798e-07,4.548988234804981e-09,0.02253177814956435,0.9997461272610255,5.0,4.0,10.0
107,APO,Boss,R-10C9,-10.0,9.0,-4.3327281443308e-05,-197.06791839195,2.0784140103214,197.06791839195475,269.9999874029706,9.81428418971792e-06,-0.9997774563766559,0.021095914881888063,0.99999999995184,9.812010234291911e-06,-2.112994524360609e-07,4.259096367468462e-09,0.02109591488294583,0.9997774564248043,5.0,4.0,10.0
108,LCO,Boss,R-10C10,-10.0,10.0,22.7793120573376,-197.274080023314,2.2519221406222,198.58489294719894,276.5867937297252,7.633671352881744e-06,-0.9997460653154507,0.022534525244648253,0.9999966146319864,6.626767753395923e-05,0.0026012176305331733,-0.002602050401807013,0.022534429100146778,0.9997426813129651,5.0,4.0,11.0
109,APO,Boss,R-10C10,-10.0,10.0,22.7554839498504,-197.067722542456,2.10612750478,198.37716430542687,276.586793749314,7.633656188165304e-06,-0.9997774020230084,0.02109849155393066,0.9999970323500542,5.903278252859757e-05,0.0024355299659757595,-0.0024362333245960153,0.021098410348994942,0.9997744354842913,5.0,4.0,11.0
110,LCO,Fiducial,R-10C11,-10.0,11.0,45.558417715088,-197.273014281986,2.340807750049,202.46533428862114,283.0039578676376,5.4506455184062795e-06,-0.9997459225014071,0.022540860944088192,0.9999864512093879,0.00012278593657193775,0.005204067761676387,-0.005205513225879151,0.022540527177154428,0.9997323778225007,5.0,4.0,12.0
111,APO,Fiducial,R-10C11,-10.0,11.0,45.510806003098,-197.066849627768,2.1892637662948005,202.25374331582825,283.00395790890735,5.453176846959899e-06,-0.9997772765878383,0.021104435289009838,0.999988122961633,0.00010831064985927342,0.00487259730261272,-0.004873797896216458,0.021104158059687395,0.9997654027854028,5.0,4.0,12.0
112,LCO,Boss,R-10C12,-10.0,12.0,68.33638421342,-197.269381066494,2.4889022100697997,208.77037652339897,289.106674346016,3.2683725613320304e-06,-0.9997459705210724,0.02253873146822869,0.9999695217621899,0.0001792363943250249,0.0078053456689902816,-0.0078074026420581625,0.02253801901663344,0.9997155006114443,5.0,4.0,13.0
113,APO,Boss,R-10C12,-10.0,12.0,68.265117676502,-197.063652430708,2.327794890883,208.5526537848837,289.10667440585235,3.2733762568191695e-06,-0.999777318417201,0.02110245407045704,0.9999732822856722,0.00015752948431156815,0.007308207665424221,-0.007309904520881288,0.021101866338604114,0.9997506071680693,5.0,4.0,13.0
114,LCO,Boss,R-10C13,-10.0,13.0,91.111490790624,-197.261520245538,2.6961467026919994,217.28647248199957,294.7913520761267,8.129126875925684e-06,-0.9997464579431149,0.022517099371649172,0.9999459226680875,0.00024229544561635408,0.010396779904565437,-0.010399599674229695,0.022515797190249803,0.999692396291731,5.0,3.0,19.0
115,APO,Boss,R-10C13,-10.0,13.0,91.01682972366,-197.056573019162,2.5216908001440004,217.06072022132892,294.79135215065673,8.129432529089013e-06,-0.9997777450915012,0.021082228384724164,0.9999525946040349,0.00021340415077738647,0.009734629080100744,-0.009736964546050213,0.02108114983632945,0.9997303519664725,5.0,3.0,19.0
