,site,id,xWok,yWok,zWok,ix,iy,iz,jx,jy,jz,kx,ky,kz
0,APO,1,-284.728,163.148,0,0.4935,0.8697,0.0000,-0.8697,0.4935,0.0000,0.0000,0.0000,1.0000
1,APO,2,-0.387,327.561,0,1.0000,0.0000,0.0000,0.0000,1.0000,0.0000,0.0000,0.0000,1.0000
2,APO,3,-148.722,-256.887,0,0.8677,-0.4971,0.0000,0.4971,0.8677,-0.0000,0.0000,0.0000,1.0000
3,APO,4,256.737,-148.430,0,0.4998,-0.8661,0.0000,0.8661,0.4998,-0.0000,0.0000,0.0000,1.0000
4,APO,5,0.861,-327.986,0,-1.0000,0.0000,0.0000,0.0000,-1.0000,0.0000,0.0000,0.0000,1.0000
5,APO,6,-283.768,-165.022,0,-0.5032,0.8642,0.0000,-0.8642,-0.5032,0.0000,0.0000,0.0000,1.0000
