,site,id,xWok,yWok,zWok,ix,iy,iz,jx,jy,jz,kx,ky,kz
0,APO,1,-269.377,156.037,0,0.5000,0.8660,0.0000,-0.8660,0.5000,0.0000,0.0000,0.0000,1.0000
1,APO,2,-0.567,314.117,0,1.0000,0.0000,0.0000,0.0000,1.0000,0.0000,0.0000,0.0000,1.0000
2,APO,3,-155.994,-268.829,0,0.5000,-0.8660,0.0000,0.8660,0.5000,0.0000,0.0000,0.0000,1.0000
3,APO,4,268.645,-155.883,0,-0.5000,-0.8660,0.0000,0.8660,-0.5000,0.0000,0.0000,0.0000,1.0000
4,APO,5,0.366,-314.070,0,-1.0000,-0.0000,0.0000,0.0000,-1.0000,0.0000,0.0000,0.0000,1.0000
5,APO,6,-271.945,-158.021,0,-0.5000,0.8660,0.0000,-0.8660,-0.5000,0.0000,0.0000,0.0000,1.0000
