,index,wokID,holeID,holeType,hexRow,hexCol,xWok,yWok,zWok,ix,iy,iz,jx,jy,jz,kx,ky,kz
0,1,curvNomAPO,R-13C1,ApogeeBoss,-13.0,1.0,-147.873835485164,-256.12430864698,4.6818818669262,6.64744673199806e-06,-0.9996226137408866,0.0274705306401171,0.9998742510601972,-0.0004289886467896,-0.0158523826458477,0.0158581847202289,0.0274671816278825,0.9994969094053268
1,3,curvNomAPO,R-13C2,ApogeeBoss,-13.0,2.0,-125.12127173181,-256.1187643553,4.3494642428372,4.466208196697396e-06,-0.9996254154004868,0.0273683917221485,0.9999106304751036,-0.0003614247954356,-0.0133641473726507,0.0133690329842389,0.0273660055090476,0.99953607773784
2,5,curvNomAPO,R-13C3,ApogeeBoss,-13.0,3.0,-102.37761243283398,-256.13275573194,4.0728272828788,9.321809513799871e-06,-0.9996241895416966,0.0274131281726495,0.9999399754306066,-0.0002910348883157,-0.0109526633533486,0.0109565254046102,0.0274115848100766,0.9995641848171924
3,7,curvNomAPO,R-13C4,ApogeeBoss,-13.0,4.0,-79.63104112037799,-256.14572894196,3.8513326026026,7.140218952866508e-06,-0.9996228791657092,0.0274608702971192,0.9999635610971084,-0.0002272898434254,-0.0085337457963145,0.0085367691198903,0.0274599305859466,0.999586452381788
4,9,curvNomAPO,R-13C5,ApogeeBoss,-13.0,5.0,-56.879598028994,-256.14712890868,3.6849802231922,4.95890256395934e-06,-0.9996234837922432,0.0274388524991156,0.9999814380869292,-0.0001622253008383,-0.0060907441703672,0.0060929021825711,0.0274383733849277,0.999604928063574
5,11,curvNomAPO,R-13C6,ApogeeBoss,-13.0,6.0,-34.12764298537,-256.14582104236,3.5740757810442,9.814300554085656e-06,-0.999624303154672,0.0274089847717097,0.9999933320632468,-9.028191848050947e-05,-0.0036507092763529,0.0036518122521233,0.0274088378394909,0.9996176368369876
6,13,curvNomAPO,R-13C7,ApogeeBoss,-13.0,7.0,-11.3758629049724,-256.1453929279,3.5186498704332,7.633361260761787e-06,-0.9996246745437024,0.0273954373049316,0.999999259821595,-2.570085237098455e-05,-0.0012164274447101,0.0012166749746141,0.0273954263128507,0.9996239344469215
7,15,curvNomAPO,R-13C8,ApogeeBoss,-13.0,8.0,11.3758580305346,-256.14540844476,3.518657729879,5.452444435359181e-06,-0.999624674072512,0.0273954550189418,0.9999992598355828,3.878176484135961e-05,0.0012160691843523,-0.0012166752061521,0.0273954281112512,0.9996239343973532
8,17,curvNomAPO,R-13C9,ApogeeBoss,-13.0,9.0,34.12763802475,-256.14586751166,3.574102796408,3.271503560237908e-06,-0.9996243017391356,0.0274090379590857,0.9999933321050322,0.0001033629209778,0.0036503508846744,-0.0036518125324201,0.0274088432563635,0.9996176366874366
9,19,curvNomAPO,R-13C10,ApogeeBoss,-13.0,10.0,56.879592858316,-256.14710460595995,3.6850281023446,8.127462080636933e-06,-0.9996234816544518,0.0274389296251943,0.9999814380650172,0.0001753069706606,0.0060903852822831,-0.0060929023761236,0.0274383708061911,0.9996049281331786
10,21,curvNomAPO,R-13C11,ApogeeBoss,-13.0,11.0,79.631036034536,-256.14573677024,3.8513561544986006,5.946801116037435e-06,-0.9996228760817908,0.0274609828411961,0.9999635611029722,0.0002403724184101,0.0085333866291634,-0.0085367693478196,0.0274599314469169,0.9995864523561896
11,23,curvNomAPO,R-13C12,ApogeeBoss,-13.0,12.0,102.377608414554,-256.13279784768,4.0727449883774005,3.76849245521543e-06,-0.999624185538655,0.0274132754697263,0.9999399754661,0.0003041211013381,0.0109523045616567,-0.0109565254827446,0.0274115887269665,0.9995641847089208
12,25,curvNomAPO,R-13C13,ApogeeBoss,-13.0,13.0,125.121268049572,-256.11873667184,4.3493714764492,8.62217189379782e-06,-0.9996254106737308,0.0273685633717447,0.9999106304454458,0.0003745094033563,0.0133637893165659,-0.0133690331680684,0.0273660022305387,0.9995360778251424
13,27,curvNomAPO,R-13C14,ApogeeBoss,-13.0,14.0,147.873240072588,-256.12465240804,4.6818818669262,5.367962886640122e-05,-0.9996225860371576,0.0274714870890433,0.9998742496413624,0.0004893005399467,0.0158507251917495,-0.0158581847202068,0.0274671816786439,0.9994969094039322
14,29,curvNomAPO,R-12C1,ApogeeBoss,-12.0,1.0,-159.24469831845,-236.417565020668,4.3493714764492,-4.0700675688287446e-05,-0.9996807812029428,0.0252652733396829,0.9998552312571708,-0.0004705738690774,-0.0170086768416406,0.0170151365297084,0.0252609234531843,0.999536077825692
15,31,curvNomAPO,R-12C2,ApogeeBoss,-12.0,2.0,-136.50667938894,-236.435816750738,3.9898243177446,6.644185031137557e-06,-0.9996791387160092,0.0253302106559074,0.9998930797127904,-0.0003637597025362,-0.0146183727326276,0.0146228963726761,0.0253275994696823,0.9995722503184936
16,33,curvNomAPO,R-12C3,Boss,-12.0,3.0,-113.75920740239,-236.443456044324,3.6849694291066006,4.465208011102103e-06,-0.999679155314402,0.0253295560550477,0.9999257503004876,-0.0003041976103484,-0.0121820092686172,0.0121858059261066,0.0253277297383272,0.9996049280792054
17,35,curvNomAPO,R-12C4,Boss,-12.0,4.0,-91.007052766582,-236.442461919566,3.4355411753351994,9.320013703594107e-06,-0.9996804296294636,0.0252792113996615,0.9999526667479912,-0.0002366388005367,-0.0097266780382195,0.0097295517223789,0.0252781055051503,0.9996331092982824
18,37,curvNomAPO,R-12C5,Boss,-12.0,5.0,-68.257471039522,-236.450096730814,3.2418749847156,7.138415317050034e-06,-0.9996799534347612,0.0252980364794754,0.9999733346484734,-0.000177608920495,-0.007300578544449,0.0073027351763114,0.0252974140130014,0.9996532953495424
19,39,curvNomAPO,R-12C6,Boss,-12.0,6.0,-45.506407771356,-236.4576523187,3.1035725114354005,4.957528013748047e-06,-0.9996792473849716,0.0253259219622874,0.9999881223680298,-0.0001184806440684,-0.0048724824472671,0.0048739202173262,0.0253256453057752,0.9996673729754116
20,41,curvNomAPO,R-12C7,Boss,-12.0,7.0,-22.7535784979082,-236.460969772822,3.0205296506228,9.814267631579504e-06,-0.9996790294017008,0.0253345234443732,0.9999970284759212,-5.194979825858535e-05,-0.0024372813842179,0.0024378152119357,0.0253344720823585,0.9996760583215448
21,43,curvNomAPO,R-12C8,Fiducial,-12.0,8.0,-1.6064100054082597e-05,-236.461751975728,2.9928316327144,7.633380103910366e-06,-0.9996790175029626,0.0253349937052107,0.999999999970866,7.630895850892985e-06,-1.947360578513032e-07,1.3448526376986383e-09,0.025334993705959,0.9996790175320872
22,45,curvNomAPO,R-12C9,Boss,-12.0,9.0,22.7535463959658,-236.46100150682,3.0205180197849995,5.452749649764366e-06,-0.9996790284075076,0.0253345639885367,0.9999970285157792,6.721190053866522e-05,0.002436891908179,-0.0024378125192975,0.0253344754195181,0.9996760582435384
23,47,curvNomAPO,R-12C10,Boss,-12.0,10.0,45.50646370622,-236.457664944024,3.1035510911074,3.27298560204419e-06,-0.9996792463457778,0.0253259632556265,0.9999881223422384,0.000126708791292,0.0048722807109897,-0.0048739269313397,0.0253256464955979,0.9996673729125344
24,49,curvNomAPO,R-12C11,Boss,-12.0,11.0,68.2574389611,-236.450089705428,3.2418666168126,8.128671529209128e-06,-0.9996799506243722,0.0252981472360616,0.9999733346603784,0.0001928714555708,0.0073001896416832,-0.007302732511027,0.02529741331153,0.9996532953867644
25,51,curvNomAPO,R-12C12,Boss,-12.0,12.0,91.00702022816598,-236.442485117132,3.435580639239,5.948455059504784e-06,-0.999680425833819,0.0252793625182731,0.999952666799754,0.0002519030701486,0.0097262893697261,-0.0097295490479404,0.0252781081087497,0.9996331092584748
26,53,curvNomAPO,R-12C13,Boss,-12.0,13.0,113.75926214421598,-236.44345870853,3.6850568455434,3.766904487222922e-06,-0.9996791527579448,0.0253296570637654,0.9999257502201484,0.0003124278743994,0.0121818075627892,-0.0121858127543451,0.0253277304545991,0.9996049279778164
27,55,curvNomAPO,R-12C14,ApogeeBoss,-12.0,14.0,136.506083976364,-236.43616051256,3.9898243177446,5.368326394989894e-05,-0.9996791149495908,0.0253310925881635,0.9998930782938392,0.0004240742427456,0.0146168444305537,-0.014622896367599,0.0253275994646074,0.9995722503186966
28,57,curvNomAPO,R-12C15,ApogeeBoss,-12.0,15.0,159.244720451756,-236.417582051368,4.3494642428372,5.150010377551194e-05,-0.999680776024044,0.0252654585492656,0.999855230708726,0.00048137151343,0.0170084069173607,-0.0170151394980993,0.0252609249520165,0.9995360777372816
29,59,curvNomAPO,R-11C1,ApogeeBoss,-11.0,1.0,-170.62870547165,-216.728008589852,4.0727449883774005,-4.069954895381625e-05,-0.9997308653414662,0.023199035047815,0.999833255593368,-0.0004643163618698,-0.0182550108157421,0.018260869451192,0.0231944237677751,0.9995641847089998
30,61,curvNomAPO,R-11C2,Boss,-11.0,2.0,-147.886410728238,-216.74014028695,3.6850568455434,-4.0701254574742745e-05,-0.9997303635947944,0.0232206470630747,0.999874513919533,-0.0004085362536418,-0.0158363351917943,0.0158415516154599,0.0232170886363787,0.9996049279778813
31,63,curvNomAPO,R-11C3,ApogeeBoss,-11.0,3.0,-125.135914757642,-216.741074688688,3.3525152284588007,6.646044187958707e-06,-0.9997314091112476,0.0231756249596356,0.9999104930443808,-0.000303430136655,-0.0133758674445959,0.0133793069915197,0.023173639476607,0.9996419241797708
32,65,curvNomAPO,R-11C4,ApogeeBoss,-11.0,4.0,-102.389992648358,-216.753980493966,3.0759098771240003,4.4648584993968745e-06,-0.9997303717746384,0.023220330131337,0.9999398483422745,-0.0002502200033606,-0.0109652673099726,0.0109681209554907,0.0232189823483536,0.9996702352183008
33,67,curvNomAPO,R-11C5,ApogeeBoss,-11.0,5.0,-79.63825366831,-216.758129509798,2.8542999699764007,9.319641977066925e-06,-0.999730526524162,0.023213665132116,0.9999636313540556,-0.0001886617272469,-0.0085264515458209,0.0085285334234459,0.0232129003460235,0.9996941659203432
34,69,curvNomAPO,R-11C6,ApogeeBoss,-11.0,6.0,-56.884538986346,-216.758483349324,2.6879524996747994,7.138732041998242e-06,-0.999731088125026,0.0231894671217446,0.9999814828050948,-0.0001339841284641,-0.0060840854019173,0.0060855563396463,0.0231890811505175,0.9997125749531371
35,71,curvNomAPO,R-11C7,ApogeeBoss,-11.0,7.0,-34.13102242997,-216.76054626722,2.5770903468758,4.957917740394141e-06,-0.9997311710745792,0.0231858913408392,0.9999933357690928,-7.969066593191307e-05,-0.0036499406570774,0.0036508071465739,0.023185754920811,0.9997245082401104
36,73,curvNomAPO,R-11C8,ApogeeBoss,-11.0,8.0,-11.3771498388222,-216.76228769249,2.5216791411122,9.814365079916337e-06,-0.9997310927007182,0.0231892688782096,0.999999259254838,-1.8412522012734463e-05,-0.0012170253710611,0.0012171250769791,0.0231892636452022,0.9997303519740413
37,75,curvNomAPO,R-11C9,ApogeeBoss,-11.0,9.0,11.3770904442496,-216.762303352352,2.5216816596492,7.633258595631446e-06,-0.9997310921888624,0.0231892917657626,0.999999259280682,3.585533896363908e-05,0.0012166151742092,-0.0012171194768023,0.023189265302268,0.9997303519424228
38,77,curvNomAPO,R-11C10,ApogeeBoss,-11.0,10.0,34.13105099227,-216.760542550946,2.5770943083614,5.452550343082674e-06,-0.9997311701997827,0.0231859289493164,0.9999933357525848,9.009849180646168e-05,0.0036497030947498,-0.0036508109630255,0.0231857545323595,0.9997245082351824
39,79,curvNomAPO,R-11C11,ApogeeBoss,-11.0,11.0,56.88456758827,-216.758511292372,2.687947757317,3.2722796347565093e-06,-0.9997310866049216,0.0231895335234477,0.9999814828018871,0.0001443926407626,0.0060838478041583,-0.0060855601739736,0.0231890842102101,0.9997125748588244
40,81,curvNomAPO,R-11C12,ApogeeBoss,-11.0,12.0,79.63819449342199,-216.758138627636,2.8542720160826,8.129029850831779e-06,-0.9997305230596216,0.0232138147846163,0.999963631412284,0.0002061062087799,0.0085260408742057,-0.0085285278141539,0.0232129012225163,0.9996941659478448
41,83,curvNomAPO,R-11C13,ApogeeBoss,-11.0,13.0,102.390021710022,-216.753970718014,3.075862560099001,5.947734925757865e-06,-0.9997303691422034,0.0232204431357024,0.9999398482927284,0.0002606304910674,0.010965029323396,-0.010968124768631,0.0232189811693163,0.999670235203849
42,85,curvNomAPO,R-11C14,ApogeeBoss,-11.0,14.0,125.13531934506598,-216.741418450256,3.3525152284588007,5.368129723646731e-05,-0.9997313889848266,0.0231764319252883,0.999910491625498,0.0003637466729583,0.0133744691712566,-0.013379306991519,0.023173639481685,0.9996419241796534
43,87,curvNomAPO,R-11C15,Boss,-11.0,15.0,147.886435791688,-216.74009154689,3.6849694291066006,5.150127450213588e-05,-0.9997303592693264,0.0232208118471726,0.9998745133772514,0.0004193346821878,0.0158360871754512,-0.0158415544130903,0.0232170823672437,0.9996049280791536
44,89,curvNomAPO,R-11C16,ApogeeBoss,-11.0,16.0,170.628666988618,-216.727991011528,4.0728272828788,5.635113371873741e-05,-0.9997308579973682,0.0231993187916307,0.9998332548947586,0.0004799662293455,0.0182546443123659,-0.0182608661104021,0.0231944217488746,0.9995641848168796
45,91,curvNomAPO,R-10C1,ApogeeBoss,-10.0,1.0,-182.013197095814,-197.035368520296,3.8513561544986006,-4.069853761788199e-05,-0.9997767814192414,0.0211278413145184,0.999809610003201,-0.0004529411102665,-0.0195073983298077,0.0195126135839407,0.0211230248622934,0.999586452355068
46,93,curvNomAPO,R-10C2,Boss,-10.0,2.0,-159.26168853135798,-197.035633999064,3.435580639239,-4.070056519101151e-05,-0.9997780265732716,0.0210688377638254,0.999855034250144,-0.0003994186075087,-0.0170220724184614,0.0170267092565581,0.0210650906959922,0.9996331092585232
47,95,curvNomAPO,R-10C3,ApogeeBoss,-10.0,3.0,-136.51943415794398,-197.049345253836,3.075862560099001,-4.070206405662466e-05,-0.9997771367985,0.0211110179369731,0.9998930603503482,-0.0003494196549041,-0.0146200468234416,0.0146241651576026,0.0211081652660288,0.9996702352038622
48,97,curvNomAPO,R-10C4,Fiducial,-10.0,4.0,-113.768922451794,-197.052866485554,2.7711308694620005,6.643334035880456e-06,-0.999777524572582,0.0210926839303672,0.9999258574364992,-0.0002502044709842,-0.0121744415726042,0.0121770105423362,0.0210912009435916,0.9997033968417876
49,99,curvNomAPO,R-10C5,Boss,-10.0,5.0,-91.016828575326,-197.05659992716,2.5216756702276,4.46251022613471e-06,-0.9997777476403412,0.0210821086063969,0.9999525946360543,-0.0002008144178004,-0.0097348936405346,0.0097369636288178,0.0210811526434281,0.9997303519162132
50,101,curvNomAPO,R-10C6,Boss,-10.0,6.0,-68.265116481432,-197.063609207528,2.3277802354132,9.31920905323853e-06,-0.9997773204184308,0.0211023574534937,0.9999732822540264,-0.0001449393147033,-0.0073084725288297,0.007309903642453,0.0211018617552511,0.9997506072712335
51,103,curvNomAPO,R-10C7,Fiducial,-10.0,7.0,-45.51080471862,-197.06683766386,2.1892572768742,7.138076546018617e-06,-0.9997772778999964,0.0211043726256199,0.9999881229554146,-9.572202592329676e-05,-0.0048728621363796,0.0048737969955952,0.0211041567509083,0.9997654028174204
52,105,curvNomAPO,R-10C8,Boss,-10.0,8.0,-22.7554826331398,-197.067741924942,2.106126076969801,4.957222319586421e-06,-0.999777402642589,0.0210984629929403,0.9999970323690864,-4.644465559041476e-05,-0.0024357947191883,0.0024362324285678,0.0210984124552653,0.9997744354420258
53,107,curvNomAPO,R-10C9,Boss,-10.0,9.0,-4.3327281443308e-05,-197.06791839195,2.0784140103214,9.81428418971792e-06,-0.999777456376656,0.021095914881888,0.99999999995184,9.812010234291911e-06,-2.112994524360609e-07,4.259096367468462e-09,0.0210959148829458,0.9997774564248044
54,109,curvNomAPO,R-10C10,Boss,-10.0,10.0,22.7554839498504,-197.067722542456,2.10612750478,7.633656188165304e-06,-0.9997774020230084,0.0210984915539306,0.9999970323500542,5.903278252859757e-05,0.0024355299659757,-0.002436233324596,0.0210984103489949,0.9997744354842912
55,111,curvNomAPO,R-10C11,Fiducial,-10.0,11.0,45.510806003098,-197.066849627768,2.1892637662948005,5.453176846959899e-06,-0.9997772765878384,0.0211044352890098,0.999988122961633,0.0001083106498592,0.0048725973026127,-0.0048737978962164,0.0211041580596873,0.9997654027854028
56,113,curvNomAPO,R-10C12,Boss,-10.0,12.0,68.265117676502,-197.063652430708,2.327794890883,3.273376256819169e-06,-0.999777318417201,0.021102454070457,0.9999732822856722,0.0001575294843115,0.0073082076654242,-0.0073099045208812,0.0211018663386041,0.9997506071680692
57,115,curvNomAPO,R-10C13,Boss,-10.0,13.0,91.01682972366,-197.056573019162,2.5216908001440004,8.129432529089013e-06,-0.9997777450915012,0.0210822283847241,0.9999525946040349,0.0002134041507773,0.0097346290801007,-0.0097369645460502,0.0210811498363294,0.9997303519664724
58,117,curvNomAPO,R-10C14,Fiducial,-10.0,14.0,113.768327038964,-197.053210247122,2.7711308694620005,5.368437881060201e-05,-0.9997775076575108,0.0210934184077315,0.9999258560173928,0.0003105232342862,0.0121731689877912,-0.0121770105474137,0.0210912009486687,0.9997033968416188
59,119,curvNomAPO,R-10C15,ApogeeBoss,-10.0,15.0,136.519457155104,-197.049324973714,3.0759098771240003,5.15024400274779e-05,-0.9997771330230778,0.0211111731472674,0.9998930598095644,0.0003602188009046,0.0146198217185627,-0.01462416808457,0.0211081625578994,0.999670235218226
60,121,curvNomAPO,R-10C16,Boss,-10.0,16.0,159.261652172528,-197.035650579168,3.4355411753351994,5.635773374713847e-05,-0.9997780201746648,0.0210691053306421,0.999855033551339,0.0004150745117418,0.0170217389006091,-0.017026705666589,0.021065091710637,0.9996331092982894
61,123,curvNomAPO,R-10C17,ApogeeBoss,-10.0,17.0,182.013187775284,-197.035369011532,3.8513326026026,5.417520592639427e-05,-0.9997767752367804,0.0211281036108556,0.9998096093768184,0.000466417309313,0.0195071128737133,-0.019512612916298,0.0211230242161856,0.9995864523817544
62,125,curvNomAPO,R-9C1,ApogeeBoss,-9.0,1.0,-193.390103265502,-177.33272467521795,3.6850281023446,-4.069767409917364e-05,-0.999819469309092,0.0190007140440712,0.9997854024083556,-0.0004342980116529,-0.0207113620121704,0.020715874948006,0.0189957936323365,0.9996049281338184
63,127,curvNomAPO,R-9C2,Boss,-9.0,2.0,-170.643064931628,-177.337720990346,3.2418666168126,-4.069968064171417e-05,-0.9998199203700944,0.0189769643166215,0.999833329246,-0.0003871449012435,-0.0182527764377138,0.0182568363194644,0.0189730585294984,0.9996532953867756
64,129,curvNomAPO,R-9C3,ApogeeBoss,-9.0,3.0,-147.898957281758,-177.34776885671198,2.8542720160826,-4.070123637669909e-05,-0.99981957029016,0.0189953996590999,0.9998745591229028,-0.0003415511918528,-0.0158350674632102,0.0158386982479758,0.018992372352682,0.9996941659478796
65,131,curvNomAPO,R-9C4,Boss,-9.0,4.0,-125.14758335559,-177.351173222268,2.5216908001440004,-4.0702714874236045e-05,-0.9998199523544714,0.018975279107076,0.9999103714780267,-0.00029473901941,-0.0133851462294853,0.0133883290205786,0.0189730335690651,0.9997303519665808
66,133,curvNomAPO,R-9C5,ApogeeBoss,-9.0,5.0,-102.39879006358,-177.35921950056198,2.2446724968284,6.641713677570447e-06,-0.9998195605552336,0.0189959544910871,0.999939863893902,-0.0002016828553154,-0.0109648492862768,0.0109667019533009,0.0189948849737419,0.9997594339605412
67,135,curvNomAPO,R-9C6,ApogeeBoss,-9.0,6.0,-79.64448194490599,-177.361473300728,2.0229917692484003,4.461113796123708e-06,-0.9998198165408684,0.0189824769796398,0.9999636718407716,-0.0001573424804248,-0.0085223378286242,0.0085237889943269,0.0189818254003124,0.9997834942254508
68,137,curvNomAPO,R-9C7,ApogeeBoss,-9.0,7.0,-56.88980662681399,-177.364047662102,1.8567529871978,9.31814834822547e-06,-0.9998198879225758,0.0189787151214227,0.999981471959016,-0.0001062135063382,-0.0060864158066101,0.006087335365494,0.0189784201971365,0.9998013622290024
69,139,curvNomAPO,R-9C8,ApogeeBoss,-9.0,8.0,-34.134458727644,-177.36711436463,1.7459464191237997,7.137463880639471e-06,-0.9998197643767328,0.0189852234833103,0.9999933252293663,-6.222997878146619e-05,-0.0036531663176432,0.0036536893369896,0.0189851228356407,0.9998130903649664
70,141,curvNomAPO,R-9C9,ApogeeBoss,-9.0,9.0,-11.3782337415058,-177.368712536694,1.6905407157622,4.9568889619753136e-06,-0.9998196951724764,0.0189888683350517,0.9999992580626712,-1.8174987547076936e-05,-0.0012180081185071,0.0012181336282089,0.0189888602840324,0.999818953278831
71,143,curvNomAPO,R-9C10,ApogeeBoss,-9.0,10.0,11.3782078060738,-177.368677492314,1.6905395714668003,9.814499868919064e-06,-0.99981969486551,0.0189888826083683,0.9999992580292466,3.294368123000215e-05,0.0012177256137277,-0.0012181316152427,0.0189888565678048,0.9998189533518632
72,145,curvNomAPO,R-9C11,ApogeeBoss,-9.0,11.0,34.134432792466,-177.36711076849798,1.7459450197362,7.634156836080449e-06,-0.999819763355588,0.0189852770665936,0.9999933252330536,7.6998996094953e-05,0.0036528838600117,-0.0036536873237571,0.0189851224576055,0.999813090379502
73,147,curvNomAPO,R-9C12,ApogeeBoss,-9.0,12.0,56.889780686556,-177.36407550735998,1.8567516797328,5.454148432843626e-06,-0.999819886188275,0.0189788079898902,0.999981471999839,0.0001209833958116,0.0060861334238795,-0.006087333347829,0.0189784231558577,0.999801362185124
74,149,curvNomAPO,R-9C13,ApogeeBoss,-9.0,13.0,79.644543949862,-177.361481743688,2.0229939011974,3.27392219023404e-06,-0.9998198152755752,0.0189825438652532,0.9999636717820184,0.0001650765529143,0.0085221984226663,-0.0085237964255989,0.0189818263622473,0.9997834941438312
75,151,curvNomAPO,R-9C14,ApogeeBoss,-9.0,14.0,102.398194651004,-177.35956326213,2.2446724968284,5.368629355879403e-05,-0.9998195465677524,0.018996615983804,0.999939862474764,0.0002620036040754,0.0109637032093219,-0.0109667019533006,0.0189948849737419,0.9997594339605412
76,153,curvNomAPO,R-9C15,Boss,-9.0,15.0,125.14760723285998,-177.35118568173,2.5216756702276,5.150523637512568e-05,-0.9998199491003458,0.0189754243218051,0.9999103709412316,0.0003055406270736,0.0133849441199419,-0.0133883319117575,0.0189730341776727,0.9997303519163122
77,155,curvNomAPO,R-9C16,ApogeeBoss,-9.0,16.0,147.89891979796198,-177.347815544452,2.8542999699764007,5.6360319316015546e-05,-0.9998195647343584,0.0189956520791608,0.9998745584192872,0.0003572094160491,0.0158347664102995,-0.0158386946858026,0.0189923767820462,0.9996941659201672
78,157,curvNomAPO,R-9C17,Boss,-9.0,17.0,170.64305497635198,-177.337752283654,3.2418749847156,5.4179377682909406e-05,-0.9998199150092776,0.0189772130576635,0.9998333286196268,0.0004006244523115,0.0182525198656427,-0.0182568355963597,0.0189730611892001,0.999653295349502
79,159,curvNomAPO,R-9C18,ApogeeBoss,-9.0,18.0,193.390121727746,-177.332741304852,3.6849802231922,5.199547782034595e-05,-0.9998194643159868,0.0190009492226939,0.999785401835867,0.0004455962685724,0.0207111496508305,-0.0207158773013346,0.0189957947677517,0.9996049280634712
80,161,curvNomAPO,R-8C1,ApogeeBoss,-8.0,1.0,-204.765009328192,-157.62833525704997,3.574102796408,-4.069667897756751e-05,-0.9998576580967212,0.0168719260643336,0.9997599277187952,-0.0004103593299167,-0.0219070429983108,0.0219108482603894,0.0168669840386587,0.9996176366881238
81,163,curvNomAPO,R-8C2,Boss,-8.0,2.0,-182.025112907898,-157.638586078052,3.1035510911074,-4.0698648912183735e-05,-0.999857390602118,0.0168877707807737,0.9998099401506804,-0.0003699238514468,-0.0194922223524514,0.0194956897675679,0.0168837677864897,0.9996673729125196
82,165,curvNomAPO,R-8C3,ApogeeBoss,-8.0,3.0,-159.276093471306,-157.642736261014,2.687947757317,-4.070047429551522e-05,-0.9998577254491136,0.0168679341709691,0.99985481539923,-0.0003281108837607,-0.017036445234256,0.0170395559344496,0.0168647918152794,0.999712574858686
83,167,curvNomAPO,R-8C4,Boss,-8.0,4.0,-136.529570329188,-157.65115231555598,2.327794890883,-4.070207155300628e-05,-0.9998574560468644,0.0168838956059888,0.9998931241835772,-0.0002875310987139,-0.0146170289824041,0.0146198000583641,0.016881496182502,0.9997506071680544
84,169,curvNomAPO,R-8C5,ApogeeBoss,-8.0,5.0,-113.777276867902,-157.654939205366,2.0229939011974,-4.070340820817364e-05,-0.9998576149287236,0.0168744840595728,0.9999258586384152,-0.0002461725831362,-0.0121744250495646,0.0121768456285162,0.0168727374217561,0.9997834941438252
85,171,curvNomAPO,R-8C6,Boss,-8.0,6.0,-91.02478725156,-157.658868744624,1.7736499330842,6.641842551504133e-06,-0.9998576128790366,0.0168746532918581,0.9999525440050095,-0.0001577550013109,-0.0097408855485099,0.0097421606328132,0.0168739171858242,0.9998101625933848
86,173,curvNomAPO,R-8C7,Boss,-8.0,7.0,-68.2704238602,-157.66317941901,1.5797113997276,4.460587866777839e-06,-0.9998574945625884,0.0168816630438596,0.9999732831204272,-0.0001189415735852,-0.0073088233154203,0.007309789699924,0.0168812446201497,0.999830780959767
87,175,curvNomAPO,R-8C8,Boss,-8.0,8.0,-45.514106261674,-157.664659889252,1.4411379050946005,9.317967669723484e-06,-0.999857589699352,0.0168760254141097,0.9999881334071976,-7.289753178187476e-05,-0.0048711118585376,0.0048716483826323,0.0168758705420509,0.999845724117218
88,177,curvNomAPO,R-8C9,Boss,-8.0,9.0,-22.7571792602774,-157.665609724538,1.3579897224961996,7.137401867524989e-06,-0.999857643206568,0.0168728560257304,0.9999970344249384,-3.3955502183119574e-05,-0.0024351567408075,0.002435383006002,0.0168728233687017,0.999854677811322
89,179,curvNomAPO,R-8C10,Fiducial,-8.0,10.0,1.73941899112712e-05,-157.666060002276,1.3302748215125997,4.956826447615123e-06,-0.9998576467098912,0.0168726492047911,0.999999999987715,4.956158670257444e-06,-8.139224452122993e-08,-2.242868579104985e-09,0.0168726492049873,0.999857646722175
90,181,curvNomAPO,R-8C11,Boss,-8.0,11.0,22.7571260667846,-157.66559039971,1.3579882477976,9.814549001815173e-06,-0.999857642522368,0.0168728952254007,0.9999970344142556,5.09050018267298e-05,0.0024348657817358,-0.002435378075147,0.0168728212902736,0.9998546778584064
91,183,curvNomAPO,R-8C12,Boss,-8.0,12.0,45.514053069756,-157.664672023594,1.4411358566608,7.634303695780294e-06,-0.9998575882981208,0.0168761092785996,0.999988133445506,8.984751311140675e-05,0.0048708208340113,-0.0048716434485765,0.0168758718320037,0.999845724119486
92,185,curvNomAPO,R-8C13,Boss,-8.0,13.0,68.27045865083399,-157.6631722143,1.5797088219832007,5.454131578380777e-06,-0.9998574933471448,0.016881734739568,0.9999732830826774,0.0001288552151567,0.0073086604234692,-0.0073097941902975,0.0168812438492611,0.9998307809399536
93,187,curvNomAPO,R-8C14,Boss,-8.0,14.0,91.024191838984,-157.659212506446,1.7736499330842,5.3685989147986174e-05,-0.9998576015419304,0.0168752409355403,0.999952542585956,0.0002180771053647,0.009739867466147,-0.0097421606277336,0.016873917185825,0.9998101625934342
94,189,curvNomAPO,R-8C15,ApogeeBoss,-8.0,15.0,113.777300558736,-157.654881285746,2.0229917692484003,5.15054382695312e-05,-0.999857612327701,0.0168746086632744,0.9999258581053556,0.0002569738402799,0.0121742456322161,-0.0121768485027099,0.0168727305079599,0.9997834942254988
95,191,curvNomAPO,R-8C16,Boss,-8.0,16.0,136.529533494362,-157.65112966891598,2.3277802354132,5.636038031065966e-05,-0.9998574514730528,0.016884121455356,0.9998931234751608,0.000303188744716,0.0146167610527168,-0.0146197965305497,0.016881493132918,0.9997506072711376
96,193,curvNomAPO,R-8C17,ApogeeBoss,-8.0,17.0,159.27608357292598,-157.64269751940998,2.6879524996747994,5.41797654715604e-05,-0.9998577210168688,0.0168681589839026,0.99985481477218,0.0003415901189928,0.0170362171000621,-0.0170395552008512,0.0168647869581506,0.999712574953128
97,195,curvNomAPO,R-8C18,Boss,-8.0,18.0,182.025129941646,-157.63853132428798,3.1035725114354005,5.199609118727929e-05,-0.9998573864665716,0.0168879846234842,0.999809939581668,0.0003812217441395,0.0194920338518888,-0.0194956920910207,0.0168837613764923,0.999667372975468
98,197,curvNomAPO,R-8C19,ApogeeBoss,-8.0,19.0,204.764966602852,-157.62831631754,3.5740757810442,5.685362760842829e-05,-0.9998576513840494,0.016872277156269,0.9997599270298648,0.0004265177169941,0.0219067658013756,-0.021910843728717,0.0168669810994741,0.9996176368370486
99,199,curvNomAPO,R-7C1,ApogeeBoss,-7.0,1.0,-216.140501761058,-137.924486267062,3.518657729879,-4.069555979498321e-05,-0.9998911194978474,0.0147562696238881,0.9997327702661112,-0.0003817979757285,-0.0231136818000198,0.0231167990846105,0.0147513856856635,0.9996239343975486
100,201,curvNomAPO,R-7C2,Boss,-7.0,2.0,-193.40446111131,-137.935649958476,3.0205180197849995,-4.069758563801798e-05,-0.9998907326041488,0.0147824624486323,0.999785288056355,-0.0003469976165804,-0.0207185274265693,0.0207213930462684,0.0147784452833439,0.999676058243484
101,203,curvNomAPO,R-7C3,ApogeeBoss,-7.0,3.0,-170.654610891264,-137.93862849277798,2.5770943083614,-4.069958544019373e-05,-0.999891097294168,0.0147577740668525,0.9998333801757318,-0.0003100774736775,-0.0182514585261317,0.0182540469462126,0.0147545723023351,0.999724508235274
102,205,curvNomAPO,R-7C4,Fiducial,-7.0,4.0,-147.90949501989,-137.946938959266,2.1892637662948005,-4.070132513847602e-05,-0.9998908368410736,0.014775410135081,0.999874541066828,-0.0002747318805472,-0.0158375076572678,0.0158398380611147,0.0147729118203397,0.9997654027853464
103,207,curvNomAPO,R-7C5,ApogeeBoss,-7.0,5.0,-125.156904764684,-137.95003304400998,1.8567516797328,-4.070276358604479e-05,-0.9998910221297116,0.0147628658358034,0.999910320578704,-0.0002384008955684,-0.0133900696490378,0.0133921299082008,0.0147609968976993,0.9998013621850632
104,209,curvNomAPO,R-7C6,Boss,-7.0,6.0,-102.405083053534,-137.95553762685398,1.5797088219832007,-4.0703940417181024e-05,-0.9998908809676944,0.0147724236615897,0.9999398851631176,-0.0002026720826108,-0.0109628912244062,0.0109646889221932,0.0147710893868797,0.9998307809400372
105,211,curvNomAPO,R-7C7,ApogeeBoss,-7.0,7.0,-79.650096533626,-137.95732650059398,1.357991802908601,6.640107816994909e-06,-0.9998910032287184,0.0147642005599904,0.9999636714094976,-0.0001192085134197,-0.0085230071317892,0.0085238381699308,0.0147637207910804,0.999854677806358
106,213,curvNomAPO,R-7C8,ApogeeBoss,-7.0,8.0,-56.894124857954,-137.960312642704,1.1917083615112007,4.459569326226956e-06,-0.9998909509822516,0.0147677392962087,0.9999814557212564,-8.547664560999055e-05,-0.0060894094409943,0.0060900076936944,0.0147674925952783,0.9998724083445544
107,215,curvNomAPO,R-7C9,ApogeeBoss,-7.0,9.0,-34.137030324228,-137.962314969662,1.0808421759796003,9.317559002215167e-06,-0.9998909109058096,0.0147704502684877,0.999993321420522,-4.4665479209153255e-05,-0.0036544656720318,0.0036547267389212,0.0147703856735612,0.999884232638718
108,217,curvNomAPO,R-7C10,ApogeeBoss,-7.0,10.0,-11.3790631405836,-137.96300413084398,1.0254009643324,7.137133160863112e-06,-0.9998909251480572,0.014769487317559,0.9999992580084702,-1.0855357101078315e-05,-0.0012181398401277,0.001218167299764,0.0147694850527508,0.999890183159984
109,219,curvNomAPO,R-7C11,ApogeeBoss,-7.0,11.0,11.3790706739696,-137.96301985699998,1.0254009610558006,4.956834891707574e-06,-0.9998909249187008,0.0147695037375929,0.9999992580197384,2.2948040263828988e-05,0.0012179627907775,-0.0012181688725535,0.0147694867416722,0.9998901831331204
110,221,curvNomAPO,R-7C12,ApogeeBoss,-7.0,12.0,34.136949872268,-137.96231136438598,1.0808408707752006,9.81500183183532e-06,-0.9998909098739648,0.0147705197972372,0.9999933214444622,6.379596324001171e-05,0.0036541752212834,-0.003654718886386,0.0147703852857639,0.9998842326731489
111,223,curvNomAPO,R-7C13,ApogeeBoss,-7.0,13.0,56.89413239515,-137.96028970523398,1.1917060268702002,7.634848483156045e-06,-0.9998909499115216,0.0147678104925572,0.9999814556924842,9.756997706584032e-05,0.0060892324015364,-0.0060900092651354,0.0147674901433714,0.9998724083711962
112,225,curvNomAPO,R-7C14,ApogeeBoss,-7.0,14.0,79.64950112105,-137.957670262416,1.357991802908601,5.368801815786491e-05,-0.9998909942172304,0.0147647147237998,0.9999636699902898,0.0001795322550281,0.0085221163873699,-0.0085238381699314,0.0147637207860311,0.9998546778064324
113,227,curvNomAPO,R-7C15,Boss,-7.0,15.0,102.405106688234,-137.955511099602,1.5797113997276,5.150696472940145e-05,-0.9998908787714724,0.0147725385985399,0.9999398846329904,0.0002134745822305,0.0109627345477754,-0.0109646918422193,0.0147710858847787,0.9998307809597532
114,229,curvNomAPO,R-7C16,ApogeeBoss,-7.0,16.0,125.156867679922,-137.950041586284,1.8567529871978,5.636352773076217e-05,-0.9998910182692872,0.0147630758163904,0.9999103198664204,0.0002540613082387,0.0133898348565067,-0.0133921263354856,0.0147609971634509,0.9998013622289954
115,231,curvNomAPO,R-7C17,Fiducial,-7.0,17.0,147.90948530108798,-137.946931865046,2.1892572768742,5.418204395809701e-05,-0.9998908330673484,0.0147756222268324,0.9998745404381192,0.0002882127861439,0.0158373077588972,-0.0158398373718367,0.0147729103860361,0.9997654028174608
116,233,curvNomAPO,R-7C18,ApogeeBoss,-7.0,18.0,170.65462839059398,-137.93860561499798,2.5770903468758,5.200023695353113e-05,-0.999891093771498,0.0147579772466529,0.9998333796107975,0.0003213787540007,0.0182512939745863,-0.0182540491953334,0.0147545691951289,0.9997245082400652
117,235,curvNomAPO,R-7C19,Boss,-7.0,19.0,193.404417577996,-137.935661892666,3.0205296506228,5.6853954215932506e-05,-0.9998907268564168,0.0147827979142857,0.999785287356108,0.000363155640017,0.0207182842978322,-0.0207213888022152,0.0147784459442745,0.9996760583216844
118,237,curvNomAPO,R-7C20,ApogeeBoss,-7.0,20.0,216.140485884788,-137.924482729096,3.5186498704332,5.467296400725755e-05,-0.9998911140781448,0.0147565916943481,0.999732769632367,0.0003957775477415,0.0231134740644778,-0.0231167976602208,0.0147513846027891,0.9996239344464682
119,239,curvNomAPO,R-6C1,ApogeeBoss,-6.0,1.0,-227.516348789608,-118.220910197788,3.5186498704332,-4.069437458515605e-05,-0.9999200001894908,0.0126487772142816,0.9997038963879632,-0.0003484677450982,-0.024331011424833,0.0243334726394036,0.0126440417303676,0.9996239344463638
120,241,curvNomAPO,R-6C2,Fiducial,-6.0,2.0,-204.781892266486,-118.23086207603,2.9928316327144,-4.069650655311964e-05,-0.9999197132673128,0.0126714388768308,0.9997592719674064,-0.0003187043013342,-0.0219384717510152,0.0219407488248723,0.0126674956871205,0.999679017532138
121,243,curvNomAPO,R-6C3,ApogeeBoss,-6.0,3.0,-182.03311606385,-118.234001022,2.5216816596492,-4.069866175581269e-05,-0.9999199609252264,0.0126518807658366,0.9998103641555244,-0.0002870695672046,-0.0194718596508252,0.0194739331111304,0.0126486890371136,0.9997303519423754
122,245,curvNomAPO,R-6C4,Boss,-6.0,4.0,-159.28791201282,-118.240688447284,2.10612750478,-4.070050751491864e-05,-0.9999198381490652,0.0126615804469947,0.999854575233262,-0.0002566173956037,-0.0170517603966643,0.0170536426777877,0.0126590451243095,0.999774435484304
123,247,curvNomAPO,R-6C5,ApogeeBoss,-6.0,5.0,-136.53720732508998,-118.244841326202,1.7459450197362,-4.0702053494684815e-05,-0.999919874694384,0.0126586940286178,0.999893197941156,-0.0002256981536845,-0.0146130685125345,0.0146147546798243,0.0126567472721369,0.999813090379466
124,249,curvNomAPO,R-6C6,Boss,-6.0,6.0,-113.784584716888,-118.24866219943398,1.4411358566608,-4.0703395394548455e-05,-0.9999198792087068,0.0126583374294867,0.999925831036641,-0.00019486442503,-0.0121776210131001,0.0121791119921135,0.0126569029031987,0.9998457241194676
125,251,curvNomAPO,R-6C7,ApogeeBoss,-6.0,7.0,-91.030049400802,-118.251908833022,1.1917060268702002,-4.070446146241063e-05,-0.999919872778474,0.0126588453591587,0.9999525251112256,-0.0001640472719913,-0.0097427209842189,0.0097440169761041,0.0126578478096724,0.9998724083711864
126,253,curvNomAPO,R-6C8,Fiducial,-6.0,8.0,-68.274457758152,-118.25414217298,0.9976807455540008,6.639088127330097e-06,-0.9999198705790447,0.0126590827909738,0.9999732921136876,-8.588125780918824e-05,-0.0073080560837323,0.0073085576713828,0.0126587932124582,0.9998931642626466
127,255,curvNomAPO,R-6C9,Boss,-6.0,9.0,-45.516777586786,-118.25545293286798,0.8590694002219994,4.458700004285804e-06,-0.999919909779486,0.0126559869905286,0.999988135436606,-5.71920431751473e-05,-0.004870904956025,0.0048712386659274,0.0126558585506726,0.9999080459113252
128,257,curvNomAPO,R-6C10,Boss,-6.0,10.0,-22.7587128931004,-118.25684771494,0.7759100268916006,9.317243074356518e-06,-0.9999198773719306,0.012658544532941,0.9999970325651948,-2.152150710600065e-05,-0.0024360619099683,0.0024361391572421,0.0126585296669163,0.9999169099743628
129,259,curvNomAPO,R-6C11,Boss,-6.0,11.0,-9.860140990626e-06,-118.257382667134,0.7481912621108,7.137081864063543e-06,-0.999919862612746,0.0126597117490432,0.999999999974531,7.136501409681427e-06,-9.102535668196281e-08,6.72011404496945e-10,0.0126597117493704,0.9999198626382132
130,261,curvNomAPO,R-6C12,Boss,-6.0,12.0,22.7586931674604,-118.256879146678,0.775911333315201,4.957111197725119e-06,-0.999919876920372,0.0126585826605989,0.999997032599596,3.5794751152859764e-05,0.0024358798694855,-0.002436137810105,0.0126585330225882,0.9999169099351638
131,263,curvNomAPO,R-6C13,Boss,-6.0,13.0,45.516757859622,-118.25541423418998,0.8590694219644011,9.815629517893077e-06,-0.9999199089136044,0.0126560523806813,0.9999881354048936,7.146536170277485e-05,0.0048707229593162,-0.0048712373271839,0.0126558544125321,0.9999080459702238
132,265,curvNomAPO,R-6C14,Fiducial,-6.0,14.0,68.273862345576,-118.254485934802,0.9976807455540008,5.368931141313193e-05,-0.9999198635781184,0.0126595236630384,0.9999732906944546,0.0001462064341952,0.0073072923427513,-0.0073085576663027,0.0126587932124587,0.999893164262684
133,267,curvNomAPO,R-6C15,ApogeeBoss,-6.0,15.0,91.030073033724,-118.251913774338,1.1917083615112007,5.150864919144188e-05,-0.9999198709494302,0.0126589504831093,0.9999525245846906,0.0001748511423765,0.0097425871195372,-0.0097440198872345,0.0126578476666756,0.999872408344627
134,269,curvNomAPO,R-6C16,Boss,-6.0,16.0,113.784547612314,-118.24870219783,1.4411379050946005,5.636588296830194e-05,-0.9999198759878482,0.0126585318000792,0.999925830320085,0.0002105268181316,0.0121774191497113,-0.0121791084064534,0.0126569065298448,0.9998457241172354
135,271,curvNomAPO,R-6C17,ApogeeBoss,-6.0,17.0,136.53719747192198,-118.24486558498,1.7459464191237997,5.418451278961652e-05,-0.9999198715357568,0.012658892998773,0.9998931973113684,0.0002391809922745,0.014612897142659,-0.0146147540002414,0.0126567492022535,0.999813090364966
136,273,curvNomAPO,R-6C18,Boss,-6.0,18.0,159.287929457032,-118.240696998194,2.106126076969801,5.200264126992098e-05,-0.9999198351809696,0.0126617734693049,0.9998545746705566,0.0002679203005018,0.0170516195439898,-0.0170536449501477,0.0126590453974726,0.9997744354420848
137,275,curvNomAPO,R-6C19,ApogeeBoss,-6.0,19.0,182.033072804602,-118.234044629228,2.5216791411122,5.6857468793250605e-05,-0.9999199561041748,0.012652199486798,0.9998103634496454,0.0003032301702358,0.0194716509354538,-0.019473928877259,0.0126486930585475,0.999730351973968
138,277,curvNomAPO,R-6C20,Fiducial,-6.0,20.0,204.781876202256,-118.23088989969798,2.9928316327144,5.467558163851681e-05,-0.9999197086837516,0.0126717479608131,0.9997592713300716,0.0003326856539213,0.0219382932294337,-0.0219407474837507,0.0126674980188384,0.999679017532026
139,279,curvNomAPO,R-6C21,ApogeeBoss,-6.0,21.0,227.516359791618,-118.22092217846,3.518657729879,5.249297603206846e-05,-0.9999199959985255,0.0126490650561984,0.9997038957979268,0.0003602689345444,0.0243308637894949,-0.0243334742882232,0.0126440424154332,0.999623934397562
140,281,curvNomAPO,R-5C1,ApogeeBoss,-5.0,1.0,-238.892609587968,-98.517504724312,3.5740757810442,-4.069315122534022e-05,-0.999944384947941,0.0105463432122821,0.999673221089278,-0.0003102701351083,-0.0255608053361036,0.0255626559859175,0.0105418567400181,0.999617636836915
141,283,curvNomAPO,R-5C2,Boss,-5.0,2.0,-216.157996075828,-98.525307880156,3.0205296506228,-4.069537435955965e-05,-0.9999442429210816,0.0105598007969756,0.9997317888379516,-0.0002852387724802,-0.0231574831471873,0.0231592040181889,0.0105560261380869,0.9996760583216024
142,285,curvNomAPO,R-5C3,ApogeeBoss,-5.0,3.0,-193.410222643602,-98.528243063008,2.5216791411122,-4.069766083529575e-05,-0.99994441314014,0.0105436698317654,0.9997859163991926,-0.0002588463281025,-0.0206894748218763,0.0206910539491595,0.0105405705917329,0.9997303519740078
143,287,curvNomAPO,R-5C4,Boss,-5.0,4.0,-170.66584526198798,-98.533921673444,2.0784140103214,-4.0699621528309225e-05,-0.9999443415390348,0.0105504581704831,0.999833096095109,-0.0002334432182173,-0.0182681541796713,0.018269600335234,0.0105479537508549,0.9997774564248088
144,289,curvNomAPO,R-5C5,ApogeeBoss,-5.0,5.0,-147.916676641036,-98.538155755654,1.6905395714668003,-4.070129896994936e-05,-0.9999443323528184,0.0105513287732126,0.9998746055615632,-0.0002077823074776,-0.0158344554570391,0.0158357663695989,0.0105493612123608,0.9998189533518048
145,291,curvNomAPO,R-5C6,Boss,-5.0,6.0,-125.163843555226,-98.541044490796,1.3579882477976,-4.070276767006664e-05,-0.9999443780067888,0.0105470012752843,0.9999102874549148,-0.0001819697458421,-0.0133934285693142,0.0133946028352627,0.0105455099273455,0.9998546778583663
